
## archaea
228908 228908 0 120 0 225 255 225 #
178306 399550 0 120 0 195 210 195 #
263820 259564 0 120 0 225 255 225 #

## eukaryotes
184922 184922 120 0 0 255 225 225 #
5671 5691 120 0 0 210 195 195 #
5833 5833 120 0 0 255 225 225 #
3702 3702 120 0 0 210 195 195 #
44689 44689 120 0 0 255 225 225 #
5207 33169 120 0 0 210 195 195 #
6239 9606 120 0 0 255 225 225 #

## bacteria
351627 278197 0 0 120 220 220 255 #
264201 272561 0 0 120 190 190 210 #
194439 319225 0 0 120 220 220 255 #
309807 435591 0 0 120 190 190 210 #
243090 243090 0 0 120 220 220 255 #
189518 243276 0 0 120 190 190 210 #
266117 443906 0 0 120 220 220 255 #
190304 190304 0 0 120 190 190 210 #
224324 224324 0 0 120 220 220 255 #
243274 391009 0 0 120 190 190 210 #
243230 383372 0 0 120 220 220 255 #
251221 240292 0 0 120 190 190 210 #
204669 234267 0 0 120 220 220 255 #
177439 338963 0 0 120 190 190 210 #
85962 367737 0 0 120 220 220 255 #
156889 156889 0 0 120 190 190 210 #
335992 347834 0 0 120 220 220 255 #
292415 381666 0 0 120 190 190 210 #
246195 198214 0 0 120 220 220 255 #
