## archaea
160232 160232 0 120 0 225 255 225 #
54255 591019 0 120 0 195 210 195 #
190192 410358 0 120 0 225 255 225 #

## eukaryotes
55529 5778 120 0 0 255 225 225 #
324677 60202 120 0 0 210 195 195 #
244580 423478 120 0 0 255 225 225 #
574789 205603 120 0 0 210 195 195 #

## bacteria
38322 227600 0 0 120 220 220 255 #
224324 224324 0 0 120 190 190 210 #
351627 33964 0 0 120 220 220 255 #
216389 216389 0 0 120 190 190 210 #
251221 630634 0 0 120 220 220 255 #
406984 406984 0 0 120 190 190 210 #
81028 390236 0 0 120 220 220 255 #
315457 377431 0 0 120 190 190 210 #
146919 85831 0 0 120 220 220 255 #
305088 305088 0 0 120 190 190 210 #
42256 282685 0 0 120 220 220 255 #
959 29546 0 0 120 190 190 210 #
271 309886 0 0 120 220 220 255 #
387092 374106 0 0 120 190 190 210 #
156889 156889 0 0 120 220 220 255 #
260080 29449 0 0 120 190 190 210 #
349124 92828 0 0 120 220 220 255 #
54272 596320 0 0 120 190 190 210 #
407029 621 0 0 120 220 220 255 #
